camera_matrix:
- - 486.7637194930622
  - 0.0
  - 658.5549973920982
- - 0.0
  - 493.90384039208647
  - 346.22117911535594
- - 0.0
  - 0.0
  - 1.0
dist_coeff:
- - -0.053893795178868734
  - -0.0034697024078427655
  - -0.009890886116941278
  - 0.004175561685379766
  - 0.0014281059042066987
