camera_matrix:
- - 1576.6614094380361
  - 0.0
  - 559.6496476402295
- - 0.0
  - 1445.9615301948447
  - 562.3640464647036
- - 0.0
  - 0.0
  - 1.0
dist_coeff:
- - 0.4821650507962123
  - -0.08979586901992143
  - -0.006163771570469162
  - -0.1627519367003506
  - -0.0411155272374644
