camera_matrix:
- - 992.0685827837
  - 0.0
  - 958.6204990593443
- - 0.0
  - 1000.9413394709912
  - 563.9032145725521
- - 0.0
  - 0.0
  - 1.0
dist_coeff:
- - 0.15247355436266655
  - -0.21318725572441002
  - -0.0015317441222514854
  - 0.0008702201174141194
  - 0.08389718098099223
