camera_matrix:
- - 576.5904446193239
  - 0.0
  - 667.0610031740416
- - 0.0
  - 582.0886048424132
  - 364.78602013308563
- - 0.0
  - 0.0
  - 1.0
dist_coeff:
- - 0.02907805641502692
  - -0.06715457262479749
  - -0.006572040225044869
  - 0.007297856169757598
  - 0.018718828377099775
