camera_matrix:
- - 662.6531728951381
  - 0.0
  - 638.5023784256113
- - 0.0
  - 669.4077495556232
  - 382.58687183316147
- - 0.0
  - 0.0
  - 1.0
dist_coeff:
- - 0.17653556396868758
  - -0.24886440522185496
  - 0.0014421313731921772
  - 0.002762579730466503
  - 0.10282269017587267
